1000,20
0,0
1,114
2,118
3,98
4,148
5,206
6,210
7,222
8,210
9,159
10,265
11,182
12,220
13,147
14,163
15,153
16,173
17,174
18,159
19,144
20,191
21,217
22,213
23,229
24,212
25,229
26,230
27,203
28,215
29,236
30,204
31,199
32,209
33,204
34,176
35,216
36,207
37,220
38,203
39,228
40,172
41,189
42,226
43,217
44,209
45,200
46,198
47,198
48,198
49,198
50,201
51,183
52,223
53,224
54,219
55,202
56,195
57,196
58,199
59,190
60,194
61,208
62,200
63,227
64,209
65,199
66,197
67,204
68,209
69,201
70,235
71,222
72,208
73,206
74,225
75,243
76,201
77,220
78,201
79,200
80,209
81,219
82,201
83,245
84,237
85,236
86,213
87,198
88,205
89,202
90,191
91,196
92,207
93,198
94,202
95,218
96,227
97,170
98,187
99,185
100,199
101,228
102,208
103,211
104,221
105,206
106,209
107,196
108,186
109,201
110,190
111,192
112,191
113,205
114,214
115,190
116,199
117,218
118,216
119,208
120,220
121,189
122,198
123,226
124,208
125,211
126,234
127,222
128,210
129,199
130,211
131,201
132,165
133,210
134,202
135,215
136,198
137,210
138,222
139,196
140,210
141,213
142,246
143,182
144,190
145,215
146,224
147,215
148,230
149,228
150,208
151,201
152,224
153,171
154,187
155,183
156,207
157,210
158,194
159,217
160,218
161,190
162,196
163,222
164,226
165,224
166,203
167,197
168,204
169,188
170,219
171,183
172,232
173,210
174,207
175,221
176,177
177,183
178,193
179,225
180,196
181,223
182,190
183,214
184,211
185,211
186,201
187,219
188,210
189,217
190,187
191,190
192,207
193,209
194,206
195,190
196,200
197,205
198,199
199,233
200,192
201,218
202,220
203,207
204,229
205,198
206,218
207,215
208,211
209,231
210,214
211,240
212,189
213,212
214,217
215,210
216,194
217,224
218,200
219,208
220,199
221,210
222,215
223,212
224,202
225,202
226,197
227,175
228,189
229,214
230,197
231,215
232,226
233,192
234,202
235,196
236,221
237,221
238,221
239,220
240,197
241,214
242,200
243,209
244,199
245,203
246,206
247,211
248,198
249,206
250,212
251,216
252,192
253,226
254,202
255,222
256,221
257,209
258,226
259,231
260,232
261,219
262,230
263,226
264,222
265,211
266,210
267,171
268,227
269,228
270,179
271,190
272,224
273,198
274,206
275,204
276,223
277,193
278,202
279,198
280,218
281,223
282,210
283,196
284,199
285,203
286,180
287,198
288,196
289,210
290,199
291,218
292,179
293,206
294,205
295,202
296,195
297,231
298,234
299,211
300,190
301,220
302,202
303,196
304,219
305,203
306,196
307,229
308,221
309,221
310,197
311,200
312,212
313,198
314,213
315,203
316,206
317,253
318,190
319,199
320,220
321,192
322,174
323,228
324,190
325,196
326,219
327,218
328,233
329,191
330,215
331,195
332,200
333,209
334,220
335,174
336,198
337,207
338,202
339,218
340,184
341,173
342,197
343,190
344,239
345,209
346,202
347,221
348,205
349,216
350,198
351,182
352,220
353,211
354,213
355,225
356,193
357,210
358,178
359,208
360,220
361,238
362,177
363,207
364,216
365,227
366,220
367,207
368,202
369,210
370,209
371,222
372,211
373,238
374,195
375,213
376,206
377,188
378,210
379,217
380,234
381,198
382,215
383,204
384,213
385,192
386,221
387,217
388,185
389,206
390,216
391,206
392,207
393,193
394,204
395,207
396,202
397,231
398,204
399,211
400,197
401,205
402,219
403,221
404,206
405,197
406,228
407,205
408,192
409,205
410,214
411,208
412,215
413,226
414,218
415,218
416,204
417,215
418,213
419,197
420,186
421,227
422,223
423,202
424,201
425,210
426,214
427,176
428,234
429,192
430,199
431,216
432,215
433,212
434,177
435,194
436,222
437,207
438,209
439,226
440,200
441,207
442,195
443,230
444,224
445,202
446,221
447,228
448,209
449,194
450,215
451,223
452,214
453,203
454,204
455,219
456,232
457,211
458,224
459,226
460,191
461,220
462,221
463,215
464,218
465,225
466,187
467,189
468,202
469,178
470,216
471,224
472,198
473,210
474,170
475,183
476,210
477,222
478,221
479,188
480,219
481,185
482,197
483,210
484,198
485,199
486,207
487,230
488,208
489,224
490,196
491,181
492,224
493,218
494,202
495,208
496,210
497,186
498,241
499,223
500,204
501,194
502,207
503,204
504,204
505,196
506,179
507,210
508,200
509,218
510,210
511,216
512,209
513,226
514,193
515,215
516,211
517,192
518,202
519,223
520,236
521,203
522,214
523,232
524,210
525,224
526,213
527,230
528,215
529,194
530,210
531,207
532,193
533,201
534,193
535,206
536,210
537,219
538,228
539,189
540,221
541,203
542,204
543,213
544,205
545,203
546,201
547,219
548,207
549,190
550,198
551,193
552,201
553,197
554,197
555,212
556,237
557,174
558,237
559,190
560,230
561,187
562,221
563,222
564,227
565,205
566,195
567,207
568,224
569,201
570,192
571,208
572,199
573,215
574,188
575,213
576,195
577,207
578,215
579,231
580,224
581,215
582,201
583,209
584,190
585,225
586,210
587,197
588,211
589,212
590,212
591,200
592,196
593,200
594,195
595,206
596,216
597,211
598,207
599,214
600,221
601,193
602,213
603,190
604,203
605,207
606,220
607,233
608,193
609,212
610,235
611,206
612,217
613,224
614,241
615,222
616,217
617,213
618,214
619,175
620,204
621,215
622,184
623,203
624,219
625,223
626,214
627,189
628,214
629,198
630,207
631,228
632,213
633,201
634,193
635,219
636,222
637,178
638,205
639,212
640,191
641,182
642,221
643,222
644,206
645,198
646,223
647,228
648,224
649,196
650,194
651,212
652,235
653,220
654,185
655,210
656,210
657,189
658,195
659,205
660,200
661,222
662,218
663,192
664,209
665,231
666,198
667,214
668,200
669,191
670,213
671,243
672,209
673,202
674,188
675,221
676,224
677,214
678,218
679,196
680,209
681,198
682,209
683,198
684,221
685,204
686,221
687,207
688,208
689,221
690,198
691,209
692,203
693,204
694,191
695,187
696,211
697,218
698,230
699,214
700,237
701,198
702,187
703,215
704,215
705,228
706,217
707,194
708,184
709,224
710,196
711,230
712,212
713,215
714,199
715,207
716,193
717,218
718,224
719,180
720,204
721,187
722,199
723,193
724,214
725,214
726,187
727,196
728,223
729,209
730,187
731,197
732,180
733,200
734,206
735,205
736,229
737,182
738,207
739,218
740,188
741,220
742,215
743,212
744,205
745,205
746,211
747,207
748,196
749,211
750,226
751,216
752,210
753,219
754,208
755,217
756,207
757,213
758,226
759,192
760,214
761,190
762,219
763,220
764,199
765,187
766,239
767,190
768,159
769,205
770,210
771,216
772,210
773,209
774,228
775,189
776,219
777,219
778,207
779,214
780,238
781,212
782,223
783,198
784,198
785,214
786,191
787,199
788,231
789,224
790,215
791,198
792,228
793,215
794,195
795,214
796,195
797,222
798,210
799,207
800,216
801,191
802,242
803,199
804,197
805,198
806,186
807,194
808,196
809,205
810,234
811,200
812,212
813,212
814,204
815,214
816,210
817,220
818,206
819,226
820,207
821,229
822,204
823,206
824,188
825,244
826,217
827,213
828,228
829,208
830,220
831,200
832,197
833,190
834,213
835,214
836,200
837,181
838,217
839,213
840,189
841,219
842,221
843,198
844,201
845,188
846,202
847,218
848,230
849,212
850,208
851,227
852,201
853,182
854,197
855,210
856,202
857,189
858,197
859,220
860,216
861,211
862,177
863,209
864,187
865,204
866,224
867,216
868,226
869,196
870,188
871,222
872,244
873,206
874,208
875,215
876,207
877,215
878,197
879,203
880,192
881,203
882,196
883,202
884,215
885,237
886,193
887,187
888,213
889,199
890,213
891,227
892,219
893,201
894,204
895,205
896,203
897,200
898,178
899,191
900,220
901,213
902,213
903,181
904,215
905,224
906,211
907,217
908,176
909,225
910,218
911,211
912,195
913,204
914,179
915,195
916,207
917,230
918,203
919,200
920,221
921,218
922,207
923,210
924,212
925,210
926,229
927,202
928,222
929,219
930,189
931,207
932,210
933,181
934,205
935,205
936,217
937,224
938,220
939,186
940,209
941,207
942,199
943,230
944,201
945,198
946,210
947,206
948,184
949,208
950,210
951,210
952,189
953,231
954,210
955,217
956,199
957,207
958,252
959,197
960,198
961,205
962,205
963,211
964,200
965,192
966,197
967,213
968,207
969,218
970,185
971,192
972,208
973,192
974,203
975,203
976,194
977,173
978,211
979,185
980,210
981,198
982,0
983,0
984,0
985,0
986,0
987,0
988,0
989,0
990,0
991,0
992,0
993,0
994,0
995,0
996,0
997,0
998,0
999,0
