100,20
0,0
1,406891
2,14637
3,25781
4,30747
5,29386
6,29793
7,29752
8,29536
9,29648
10,29583
11,29157
12,29025
13,27281
14,25607
15,22578
16,22461
17,22371
18,22577
19,22599
20,36104
21,29561
22,30405
23,30438
24,30480
25,30308
26,30983
27,30720
28,30533
29,30816
30,30537
31,30431
32,30659
33,30560
34,30662
35,30492
36,30425
37,30355
38,30302
39,30247
40,30469
41,30565
42,30469
43,30594
44,30570
45,30528
46,30498
47,30447
48,30395
49,30385
50,30380
51,30314
52,30189
53,30383
54,29944
55,30623
56,30538
57,30795
58,30693
59,30482
60,30667
61,30339
62,30417
63,30496
64,30356
65,30042
66,29958
67,29632
68,29599
69,29452
70,29710
71,29570
72,29464
73,29731
74,29553
75,29463
76,29575
77,29647
78,29608
79,29414
80,29142
81,33576
82,0
83,0
84,0
85,0
86,0
87,0
88,0
89,0
90,0
91,0
92,0
93,0
94,0
95,0
96,0
97,0
98,0
99,0
