100,20
0,0
1,14943
2,14840
3,23701
4,30076
5,30001
6,30606
7,30314
8,30310
9,29993
10,30309
11,29979
12,30447
13,28801
14,25626
15,22954
16,43521
17,22619
18,22267
19,22492
20,29946
21,30043
22,30193
23,30601
24,30211
25,30394
26,30597
27,30099
28,30573
29,30478
30,30436
31,30353
32,30724
33,30637
34,30051
35,30371
36,30556
37,30367
38,30496
39,30411
40,30282
41,30455
42,30553
43,30165
44,30447
45,30537
46,30513
47,30447
48,30218
49,30627
50,30308
51,30362
52,30326
53,30134
54,30423
55,30422
56,30301
57,30369
58,30606
59,30270
60,30128
61,30282
62,30070
63,30449
64,29841
65,29689
66,30496
67,30147
68,30044
69,29817
70,30264
71,30541
72,30012
73,30193
74,30549
75,30355
76,30168
77,30104
78,30248
79,30016
80,30067
81,29134
82,0
83,0
84,0
85,0
86,0
87,0
88,0
89,0
90,0
91,0
92,0
93,0
94,0
95,0
96,0
97,0
98,0
99,0
