1000,20
0,0
1,33695
2,107
3,113
4,111
5,205
6,197
7,216
8,193
9,201
10,198
11,157
12,151
13,168
14,161
15,161
16,183
17,160
18,164
19,158
20,259
21,201
22,175
23,195
24,225
25,202
26,218
27,211
28,225
29,200
30,228
31,224
32,176
33,204
34,225
35,229
36,210
37,212
38,209
39,205
40,228
41,240
42,210
43,199
44,209
45,191
46,212
47,201
48,210
49,210
50,207
51,212
52,228
53,194
54,190
55,223
56,178
57,188
58,202
59,193
60,188
61,197
62,206
63,218
64,189
65,204
66,227
67,195
68,203
69,216
70,198
71,214
72,237
73,222
74,215
75,209
76,202
77,212
78,180
79,204
80,202
81,210
82,212
83,254
84,189
85,230
86,251
87,222
88,211
89,200
90,191
91,202
92,211
93,226
94,173
95,238
96,227
97,210
98,184
99,195
100,211
101,228
102,213
103,235
104,194
105,216
106,242
107,192
108,176
109,235
110,205
111,203
112,203
113,222
114,187
115,218
116,189
117,210
118,213
119,218
120,233
121,217
122,211
123,232
124,215
125,212
126,203
127,201
128,220
129,206
130,203
131,207
132,204
133,223
134,198
135,227
136,204
137,189
138,196
139,188
140,188
141,182
142,207
143,194
144,215
145,225
146,209
147,203
148,215
149,194
150,179
151,198
152,211
153,224
154,232
155,197
156,199
157,214
158,209
159,207
160,227
161,194
162,227
163,220
164,227
165,223
166,208
167,207
168,204
169,209
170,210
171,219
172,216
173,197
174,233
175,216
176,220
177,211
178,199
179,211
180,202
181,224
182,214
183,174
184,225
185,205
186,210
187,228
188,199
189,193
190,177
191,198
192,185
193,188
194,190
195,209
196,197
197,201
198,226
199,214
200,210
201,224
202,210
203,215
204,201
205,201
206,210
207,219
208,226
209,203
210,231
211,215
212,198
213,219
214,200
215,205
216,206
217,172
218,203
219,181
220,200
221,219
222,205
223,213
224,199
225,194
226,207
227,211
228,210
229,199
230,186
231,225
232,201
233,231
234,196
235,202
236,203
237,227
238,202
239,189
240,214
241,239
242,215
243,220
244,188
245,204
246,229
247,192
248,204
249,218
250,200
251,213
252,185
253,198
254,224
255,200
256,187
257,245
258,227
259,225
260,196
261,222
262,210
263,206
264,198
265,233
266,215
267,201
268,186
269,189
270,214
271,218
272,212
273,204
274,217
275,194
276,198
277,216
278,202
279,198
280,209
281,193
282,218
283,216
284,218
285,197
286,209
287,194
288,221
289,198
290,206
291,213
292,233
293,198
294,189
295,226
296,187
297,210
298,179
299,179
300,195
301,193
302,208
303,219
304,222
305,193
306,216
307,243
308,211
309,169
310,208
311,204
312,225
313,216
314,207
315,202
316,203
317,221
318,217
319,210
320,198
321,215
322,221
323,223
324,176
325,199
326,184
327,189
328,188
329,197
330,199
331,195
332,226
333,224
334,235
335,190
336,186
337,230
338,194
339,214
340,228
341,218
342,194
343,197
344,204
345,210
346,191
347,191
348,204
349,209
350,211
351,204
352,182
353,204
354,213
355,241
356,204
357,204
358,219
359,183
360,208
361,232
362,202
363,216
364,204
365,247
366,226
367,211
368,209
369,185
370,206
371,214
372,207
373,200
374,197
375,219
376,237
377,205
378,208
379,175
380,209
381,209
382,205
383,197
384,195
385,197
386,212
387,206
388,210
389,198
390,216
391,212
392,207
393,203
394,208
395,201
396,222
397,216
398,228
399,200
400,185
401,210
402,208
403,211
404,233
405,211
406,217
407,201
408,199
409,218
410,197
411,196
412,209
413,186
414,207
415,201
416,185
417,223
418,214
419,210
420,192
421,181
422,204
423,216
424,223
425,210
426,216
427,191
428,206
429,212
430,221
431,170
432,191
433,207
434,192
435,213
436,201
437,213
438,222
439,213
440,234
441,195
442,192
443,182
444,226
445,203
446,228
447,216
448,199
449,205
450,166
451,209
452,210
453,217
454,201
455,195
456,241
457,212
458,223
459,203
460,205
461,213
462,229
463,191
464,203
465,209
466,192
467,177
468,191
469,218
470,215
471,207
472,214
473,216
474,217
475,187
476,198
477,221
478,208
479,211
480,212
481,189
482,205
483,218
484,193
485,223
486,198
487,196
488,184
489,196
490,205
491,201
492,212
493,222
494,203
495,208
496,215
497,219
498,218
499,227
500,212
501,210
502,201
503,226
504,197
505,229
506,237
507,203
508,199
509,224
510,191
511,179
512,203
513,218
514,228
515,215
516,217
517,233
518,203
519,213
520,195
521,198
522,206
523,231
524,202
525,185
526,185
527,206
528,219
529,182
530,209
531,196
532,217
533,193
534,219
535,197
536,227
537,222
538,195
539,178
540,205
541,215
542,218
543,209
544,219
545,203
546,227
547,221
548,205
549,222
550,247
551,215
552,188
553,188
554,206
555,208
556,220
557,197
558,195
559,193
560,203
561,216
562,221
563,193
564,194
565,205
566,226
567,179
568,215
569,212
570,196
571,209
572,233
573,211
574,232
575,200
576,232
577,215
578,219
579,224
580,202
581,208
582,210
583,228
584,247
585,200
586,213
587,228
588,202
589,216
590,183
591,184
592,203
593,183
594,185
595,185
596,223
597,204
598,206
599,207
600,204
601,217
602,198
603,225
604,212
605,199
606,218
607,224
608,223
609,198
610,231
611,215
612,236
613,204
614,217
615,209
616,179
617,182
618,196
619,200
620,230
621,201
622,207
623,216
624,226
625,202
626,205
627,210
628,216
629,214
630,207
631,218
632,208
633,187
634,220
635,209
636,216
637,201
638,215
639,214
640,218
641,208
642,219
643,166
644,209
645,192
646,182
647,224
648,223
649,215
650,221
651,208
652,215
653,208
654,199
655,199
656,206
657,226
658,208
659,174
660,203
661,208
662,207
663,190
664,223
665,227
666,192
667,197
668,201
669,228
670,233
671,196
672,231
673,191
674,195
675,220
676,210
677,222
678,214
679,209
680,200
681,244
682,193
683,206
684,205
685,210
686,216
687,203
688,209
689,204
690,205
691,196
692,201
693,201
694,186
695,207
696,178
697,217
698,219
699,204
700,200
701,230
702,190
703,216
704,199
705,188
706,218
707,236
708,228
709,204
710,205
711,206
712,211
713,189
714,216
715,219
716,221
717,200
718,208
719,207
720,211
721,194
722,209
723,205
724,212
725,213
726,202
727,195
728,219
729,188
730,222
731,199
732,208
733,223
734,209
735,193
736,193
737,202
738,215
739,195
740,193
741,205
742,199
743,201
744,224
745,227
746,220
747,216
748,212
749,224
750,199
751,183
752,209
753,210
754,172
755,182
756,205
757,202
758,241
759,205
760,226
761,188
762,227
763,235
764,203
765,194
766,219
767,212
768,232
769,219
770,223
771,217
772,209
773,221
774,195
775,198
776,178
777,205
778,204
779,210
780,194
781,216
782,202
783,204
784,196
785,193
786,188
787,206
788,196
789,202
790,211
791,226
792,200
793,200
794,213
795,196
796,183
797,202
798,192
799,209
800,209
801,204
802,187
803,226
804,205
805,214
806,195
807,234
808,192
809,207
810,216
811,206
812,199
813,207
814,204
815,203
816,214
817,203
818,194
819,217
820,208
821,211
822,215
823,206
824,199
825,204
826,180
827,203
828,209
829,208
830,233
831,227
832,179
833,185
834,215
835,208
836,227
837,195
838,216
839,218
840,202
841,227
842,203
843,201
844,217
845,220
846,202
847,203
848,218
849,212
850,226
851,199
852,238
853,182
854,191
855,202
856,198
857,198
858,214
859,213
860,203
861,212
862,202
863,205
864,216
865,233
866,215
867,223
868,229
869,180
870,203
871,197
872,215
873,211
874,221
875,240
876,208
877,230
878,214
879,193
880,216
881,187
882,201
883,216
884,212
885,206
886,195
887,213
888,188
889,200
890,188
891,202
892,217
893,211
894,205
895,223
896,229
897,188
898,209
899,233
900,208
901,226
902,224
903,215
904,208
905,184
906,202
907,226
908,191
909,202
910,197
911,214
912,196
913,204
914,218
915,211
916,210
917,196
918,214
919,188
920,195
921,187
922,229
923,210
924,223
925,223
926,192
927,210
928,199
929,214
930,211
931,203
932,197
933,200
934,216
935,172
936,202
937,196
938,203
939,212
940,224
941,217
942,176
943,190
944,222
945,218
946,214
947,188
948,228
949,195
950,222
951,193
952,183
953,216
954,207
955,220
956,206
957,197
958,215
959,224
960,200
961,202
962,214
963,226
964,202
965,213
966,209
967,222
968,205
969,202
970,220
971,216
972,188
973,185
974,188
975,192
976,219
977,200
978,222
979,193
980,231
981,239
982,0
983,0
984,0
985,0
986,0
987,0
988,0
989,0
990,0
991,0
992,0
993,0
994,0
995,0
996,0
997,0
998,0
999,0
